PixNum  Edges.x  Edges.y  Long  Lat
0  0  0  -51.7373  39.3479
1  1  201  -51.6226  16.2898
2  2  202  -51.5078  16.1751
3  3  202  -51.3931  16.1751
4  4  204  -51.2784  15.9456
5  5  205  -51.1637  15.8309
6  6  204  -51.049  15.9456
7  7  206  -50.9343  15.7162
8  8  207  -50.8195  15.6015
9  9  206  -50.7048  15.7162
10  10  206  -50.5901  15.7162
11  11  207  -50.4754  15.6015
12  12  208  -50.3607  15.4868
13  13  209  -50.246  15.3721
14  14  211  -50.1312  15.1426
15  15  212  -50.0165  15.0279
16  16  212  -49.9018  15.0279
17  17  213  -49.7871  14.9132
18  18  218  -49.6724  14.3396
19  19  219  -49.5577  14.2249
20  20  220  -49.4429  14.1102
21  21  220  -49.3282  14.1102
22  22  220  -49.2135  14.1102
23  23  220  -49.0988  14.1102
24  24  222  -48.9841  13.8807
25  25  223  -48.8694  13.766
26  26  224  -48.7546  13.6513
27  27  224  -48.6399  13.6513
28  28  225  -48.5252  13.5366
29  29  225  -48.4105  13.5366
30  30  224  -48.2958  13.6513
31  31  221  -48.1811  13.9954
32  32  223  -48.0663  13.766
33  33  224  -47.9516  13.6513
34  34  223  -47.8369  13.766
35  35  221  -47.7222  13.9954
36  36  222  -47.6075  13.8807
37  37  221  -47.4928  13.9954
38  38  221  -47.378  13.9954
39  39  220  -47.2633  14.1102
40  40  219  -47.1486  14.2249
41  41  218  -47.0339  14.3396
42  42  218  -46.9192  14.3396
43  43  218  -46.8045  14.3396
44  44  218  -46.6897  14.3396
45  45  217  -46.575  14.4543
46  46  216  -46.4603  14.569
47  47  215  -46.3456  14.6838
48  48  213  -46.2309  14.9132
49  49  212  -46.1162  15.0279
50  50  211  -46.0014  15.1426
51  51  210  -45.8867  15.2573
52  52  207  -45.772  15.6015
53  53  207  -45.6573  15.6015
54  54  207  -45.5426  15.6015
55  55  207  -45.4279  15.6015
56  56  206  -45.3131  15.7162
57  57  207  -45.1984  15.6015
58  58  210  -45.0837  15.2573
59  59  211  -44.969  15.1426
60  60  213  -44.8543  14.9132
61  61  214  -44.7396  14.7985
62  62  215  -44.6248  14.6838
63  63  215  -44.5101  14.6838
64  64  217  -44.3954  14.4543
65  65  220  -44.2807  14.1102
66  66  221  -44.166  13.9954
67  67  222  -44.0513  13.8807
68  68  221  -43.9365  13.9954
69  69  219  -43.8218  14.2249
70  70  213  -43.7071  14.9132
71  71  212  -43.5924  15.0279
72  72  206  -43.4777  15.7162
73  73  206  -43.3629  15.7162
74  74  205  -43.2482  15.8309
75  75  202  -43.1335  16.1751
76  76  201  -43.0188  16.2898
77  77  199  -42.9041  16.5192
78  78  200  -42.7894  16.4045
79  79  199  -42.6746  16.5192
80  80  200  -42.5599  16.4045
81  81  200  -42.4452  16.4045
82  82  199  -42.3305  16.5192
83  83  198  -42.2158  16.6339
84  84  198  -42.1011  16.6339
85  85  198  -41.9863  16.6339
86  86  197  -41.8716  16.7487
87  87  197  -41.7569  16.7487
88  88  197  -41.6422  16.7487
89  89  196  -41.5275  16.8634
90  90  195  -41.4128  16.9781
91  91  195  -41.298  16.9781
92  92  195  -41.1833  16.9781
93  93  195  -41.0686  16.9781
94  94  195  -40.9539  16.9781
95  95  197  -40.8392  16.7487
96  96  198  -40.7245  16.6339
97  97  200  -40.6097  16.4045
98  98  201  -40.495  16.2898
99  99  202  -40.3803  16.1751
100  100  202  -40.2656  16.1751
101  101  202  -40.1509  16.1751
102  102  202  -40.0362  16.1751
103  103  202  -39.9214  16.1751
104  104  208  -39.8067  15.4868
105  105  209  -39.692  15.3721
106  106  209  -39.5773  15.3721
107  107  210  -39.4626  15.2573
108  108  209  -39.3479  15.3721
109  109  209  -39.2331  15.3721
110  110  209  -39.1184  15.3721
111  111  210  -39.0037  15.2573
112  112  211  -38.889  15.1426
113  113  215  -38.7743  14.6838
114  114  216  -38.6596  14.569
115  115  219  -38.5448  14.2249
116  116  220  -38.4301  14.1102
117  117  221  -38.3154  13.9954
118  118  222  -38.2007  13.8807
119  119  222  -38.086  13.8807
120  120  222  -37.9713  13.8807
121  121  222  -37.8565  13.8807
122  122  221  -37.7418  13.9954
123  123  221  -37.6271  13.9954
124  124  222  -37.5124  13.8807
125  125  222  -37.3977  13.8807
126  126  223  -37.283  13.766
127  127  224  -37.1682  13.6513
128  128  225  -37.0535  13.5366
129  129  226  -36.9388  13.4219
130  130  226  -36.8241  13.4219
131  131  225  -36.7094  13.5366
132  132  223  -36.5947  13.766
133  133  224  -36.4799  13.6513
134  134  225  -36.3652  13.5366
135  135  224  -36.2505  13.6513
136  136  223  -36.1358  13.766
137  137  221  -36.0211  13.9954
138  138  221  -35.9064  13.9954
139  139  222  -35.7916  13.8807
140  140  222  -35.6769  13.8807
141  141  222  -35.5622  13.8807
142  142  221  -35.4475  13.9954
143  143  221  -35.3328  13.9954
144  144  220  -35.2181  14.1102
145  145  220  -35.1033  14.1102
146  146  221  -34.9886  13.9954
147  147  221  -34.8739  13.9954
148  148  220  -34.7592  14.1102
149  149  218  -34.6445  14.3396
150  150  217  -34.5298  14.4543
151  151  214  -34.415  14.7985
152  152  214  -34.3003  14.7985
153  153  217  -34.1856  14.4543
154  154  218  -34.0709  14.3396
155  155  220  -33.9562  14.1102
156  156  221  -33.8415  13.9954
157  157  220  -33.7267  14.1102
158  158  218  -33.612  14.3396
159  159  217  -33.4973  14.4543
160  160  215  -33.3826  14.6838
161  161  210  -33.2679  15.2573
162  162  211  -33.1532  15.1426
163  163  211  -33.0384  15.1426
164  164  211  -32.9237  15.1426
165  165  211  -32.809  15.1426
166  166  210  -32.6943  15.2573
167  167  211  -32.5796  15.1426
168  168  211  -32.4649  15.1426
169  169  214  -32.3501  14.7985
170  170  215  -32.2354  14.6838
171  171  217  -32.1207  14.4543
172  172  218  -32.006  14.3396
173  173  217  -31.8913  14.4543
174  174  219  -31.7766  14.2249
175  175  220  -31.6618  14.1102
176  176  219  -31.5471  14.2249
177  177  220  -31.4324  14.1102
178  178  219  -31.3177  14.2249
179  179  218  -31.203  14.3396
180  180  217  -31.0883  14.4543
181  181  218  -30.9735  14.3396
182  182  217  -30.8588  14.4543
183  183  218  -30.7441  14.3396
184  184  220  -30.6294  14.1102
185  185  221  -30.5147  13.9954
186  186  221  -30.4  13.9954
187  187  221  -30.2852  13.9954
188  188  222  -30.1705  13.8807
189  189  223  -30.0558  13.766
190  190  224  -29.9411  13.6513
191  191  225  -29.8264  13.5366
192  192  226  -29.7117  13.4219
193  193  227  -29.5969  13.3071
194  194  228  -29.4822  13.1924
195  195  229  -29.3675  13.0777
196  196  230  -29.2528  12.963
197  197  230  -29.1381  12.963
198  198  231  -29.0233  12.8483
199  199  230  -28.9086  12.963
200  200  231  -28.7939  12.8483
201  201  232  -28.6792  12.7336
202  202  233  -28.5645  12.6188
203  203  232  -28.4498  12.7336
204  204  232  -28.335  12.7336
205  205  232  -28.2203  12.7336
206  206  231  -28.1056  12.8483
207  207  229  -27.9909  13.0777
208  208  228  -27.8762  13.1924
209  209  226  -27.7615  13.4219
210  210  227  -27.6467  13.3071
211  211  226  -27.532  13.4219
212  212  225  -27.4173  13.5366
213  213  223  -27.3026  13.766
214  214  222  -27.1879  13.8807
215  215  221  -27.0732  13.9954
216  216  220  -26.9584  14.1102
217  217  220  -26.8437  14.1102
218  218  221  -26.729  13.9954
219  219  220  -26.6143  14.1102
220  220  206  -26.4996  15.7162
221  221  205  -26.3849  15.8309
222  222  206  -26.2701  15.7162
223  223  207  -26.1554  15.6015
224  224  206  -26.0407  15.7162
225  225  205  -25.926  15.8309
226  226  202  -25.8113  16.1751
227  227  201  -25.6966  16.2898
228  228  201  -25.5818  16.2898
229  229  201  -25.4671  16.2898
230  230  201  -25.3524  16.2898
231  231  201  -25.2377  16.2898
232  232  200  -25.123  16.4045
233  233  201  -25.0083  16.2898
234  234  200  -24.8935  16.4045
235  235  199  -24.7788  16.5192
236  236  194  -24.6641  17.0928
237  237  195  -24.5494  16.9781
238  238  194  -24.4347  17.0928
239  239  194  -24.32  17.0928
240  240  195  -24.2052  16.9781
241  241  195  -24.0905  16.9781
242  242  195  -23.9758  16.9781
243  243  194  -23.8611  17.0928
244  244  192  -23.7464  17.3222
245  245  189  -23.6317  17.6664
246  246  188  -23.5169  17.7811
247  247  187  -23.4022  17.8958
248  248  182  -23.2875  18.4694
249  249  180  -23.1728  18.6988
250  250  184  -23.0581  18.24
251  251  185  -22.9434  18.1253
252  252  186  -22.8286  18.0105
253  253  187  -22.7139  17.8958
254  254  188  -22.5992  17.7811
255  255  187  -22.4845  17.8958
256  256  186  -22.3698  18.0105
257  257  185  -22.2551  18.1253
258  258  185  -22.1403  18.1253
259  259  185  -22.0256  18.1253
260  260  186  -21.9109  18.0105
261  261  187  -21.7962  17.8958
262  262  188  -21.6815  17.7811
263  263  187  -21.5668  17.8958
264  264  186  -21.452  18.0105
265  265  185  -21.3373  18.1253
266  266  184  -21.2226  18.24
267  267  184  -21.1079  18.24
268  268  184  -20.9932  18.24
269  269  185  -20.8785  18.1253
270  270  184  -20.7637  18.24
271  271  184  -20.649  18.24
272  272  183  -20.5343  18.3547
273  273  149  -20.4196  22.2551
274  274  149  -20.3049  22.2551
275  275  148  -20.1902  22.3698
276  276  149  -20.0754  22.2551
277  277  149  -19.9607  22.2551
278  278  148  -19.846  22.3698
279  279  147  -19.7313  22.4845
280  280  147  -19.6166  22.4845
281  281  147  -19.5019  22.4845
282  282  149  -19.3871  22.2551
283  283  150  -19.2724  22.1403
284  284  150  -19.1577  22.1403
285  285  150  -19.043  22.1403
286  286  149  -18.9283  22.2551
287  287  140  -18.8136  23.2875
288  288  139  -18.6988  23.4022
289  289  139  -18.5841  23.4022
290  290  139  -18.4694  23.4022
291  291  138  -18.3547  23.5169
292  292  138  -18.24  23.5169
293  293  138  -18.1253  23.5169
294  294  137  -18.0105  23.6317
295  295  185  -17.8958  18.1253
296  296  186  -17.7811  18.0105
297  297  187  -17.6664  17.8958
298  298  186  -17.5517  18.0105
299  299  185  -17.437  18.1253
300  300  185  -17.3222  18.1253
301  301  184  -17.2075  18.24
302  302  184  -17.0928  18.24
303  303  183  -16.9781  18.3547
304  304  182  -16.8634  18.4694
305  305  181  -16.7487  18.5841
306  306  182  -16.6339  18.4694
307  307  182  -16.5192  18.4694
308  308  182  -16.4045  18.4694
309  309  181  -16.2898  18.5841
310  310  183  -16.1751  18.3547
311  311  184  -16.0604  18.24
312  312  183  -15.9456  18.3547
313  313  183  -15.8309  18.3547
314  314  184  -15.7162  18.24
315  315  184  -15.6015  18.24
316  316  183  -15.4868  18.3547
317  317  181  -15.3721  18.5841
318  318  178  -15.2573  18.9283
319  319  177  -15.1426  19.043
320  320  180  -15.0279  18.6988
321  321  181  -14.9132  18.5841
322  322  182  -14.7985  18.4694
323  323  181  -14.6838  18.5841
324  324  180  -14.569  18.6988
325  325  180  -14.4543  18.6988
326  326  180  -14.3396  18.6988
327  327  179  -14.2249  18.8136
328  328  180  -14.1102  18.6988
329  329  181  -13.9954  18.5841
330  330  180  -13.8807  18.6988
331  331  181  -13.766  18.5841
332  332  182  -13.6513  18.4694
333  333  183  -13.5366  18.3547
334  334  182  -13.4219  18.4694
335  335  182  -13.3071  18.4694
336  336  183  -13.1924  18.3547
337  337  183  -13.0777  18.3547
338  338  183  -12.963  18.3547
339  339  183  -12.8483  18.3547
340  340  183  -12.7336  18.3547
341  341  184  -12.6188  18.24
342  342  183  -12.5041  18.3547
343  343  185  -12.3894  18.1253
344  344  186  -12.2747  18.0105
345  345  186  -12.16  18.0105
346  346  186  -12.0453  18.0105
347  347  191  -11.9305  17.437
348  348  192  -11.8158  17.3222
349  349  193  -11.7011  17.2075
350  350  193  -11.5864  17.2075
351  351  193  -11.4717  17.2075
352  352  193  -11.357  17.2075
353  353  193  -11.2422  17.2075
354  354  194  -11.1275  17.0928
355  355  199  -11.0128  16.5192
356  356  200  -10.8981  16.4045
357  357  203  -10.7834  16.0604
358  358  204  -10.6687  15.9456
359  359  205  -10.5539  15.8309
360  360  205  -10.4392  15.8309
361  361  206  -10.3245  15.7162
362  362  205  -10.2098  15.8309
363  363  205  -10.0951  15.8309
364  364  206  -9.98036  15.7162
365  365  205  -9.86564  15.8309
366  366  204  -9.75093  15.9456
367  367  202  -9.63621  16.1751
368  368  203  -9.52149  16.0604
369  369  203  -9.40678  16.0604
370  370  202  -9.29206  16.1751
371  371  200  -9.17734  16.4045
372  372  198  -9.06263  16.6339
373  373  201  -8.94791  16.2898
374  374  203  -8.83319  16.0604
375  375  204  -8.71848  15.9456
376  376  203  -8.60376  16.0604
377  377  202  -8.48904  16.1751
378  378  203  -8.37433  16.0604
379  379  204  -8.25961  15.9456
380  380  209  -8.14489  15.3721
381  381  212  -8.03018  15.0279
382  382  213  -7.91546  14.9132
383  383  213  -7.80074  14.9132
384  384  212  -7.68603  15.0279
385  385  212  -7.57131  15.0279
386  386  214  -7.45659  14.7985
387  387  215  -7.34188  14.6838
388  388  214  -7.22716  14.7985
389  389  212  -7.11244  15.0279
390  390  211  -6.99772  15.1426
391  391  212  -6.88301  15.0279
392  392  211  -6.76829  15.1426
393  393  209  -6.65357  15.3721
394  394  208  -6.53886  15.4868
395  395  209  -6.42414  15.3721
396  396  210  -6.30942  15.2573
397  397  211  -6.19471  15.1426
398  398  210  -6.07999  15.2573
399  399  210  -5.96527  15.2573
400  400  211  -5.85056  15.1426
401  401  210  -5.73584  15.2573
402  402  214  -5.62112  14.7985
403  403  215  -5.50641  14.6838
404  404  215  -5.39169  14.6838
405  405  215  -5.27697  14.6838
406  406  216  -5.16226  14.569
407  407  217  -5.04754  14.4543
408  408  237  -4.93282  12.16
409  409  238  -4.81811  12.0453
410  410  238  -4.70339  12.0453
411  411  238  -4.58867  12.0453
412  412  238  -4.47396  12.0453
413  413  239  -4.35924  11.9305
414  414  242  -4.24452  11.5864
415  415  243  -4.1298  11.4717
416  416  242  -4.01509  11.5864
417  417  241  -3.90037  11.7011
418  418  240  -3.78565  11.8158
419  419  239  -3.67094  11.9305
420  420  239  -3.55622  11.9305
421  421  238  -3.4415  12.0453
422  422  239  -3.32679  11.9305
423  423  238  -3.21207  12.0453
424  424  238  -3.09735  12.0453
425  425  238  -2.98264  12.0453
426  426  237  -2.86792  12.16
427  427  235  -2.7532  12.3894
428  428  203  -2.63849  16.0604
429  429  202  -2.52377  16.1751
430  430  201  -2.40905  16.2898
431  431  199  -2.29434  16.5192
432  432  199  -2.17962  16.5192
433  433  199  -2.0649  16.5192
434  434  200  -1.95019  16.4045
435  435  199  -1.83547  16.5192
436  436  200  -1.72075  16.4045
437  437  201  -1.60604  16.2898
438  438  201  -1.49132  16.2898
439  439  200  -1.3766  16.4045
440  440  200  -1.26188  16.4045
441  441  201  -1.14717  16.2898
442  442  202  -1.03245  16.1751
443  443  201  -0.917734  16.2898
444  444  201  -0.803018  16.2898
445  445  200  -0.688301  16.4045
446  446  199  -0.573584  16.5192
447  447  198  -0.458867  16.6339
448  448  195  -0.34415  16.9781
449  449  196  -0.229434  16.8634
450  450  196  -0.114717  16.8634
451  451  196  0  16.8634
452  452  196  0.114717  16.8634
453  453  195  0.229434  16.9781
454  454  195  0.34415  16.9781
455  455  195  0.458867  16.9781
456  456  194  0.573584  17.0928
457  457  194  0.688301  17.0928
458  458  193  0.803018  17.2075
459  459  193  0.917734  17.2075
460  460  192  1.03245  17.3222
461  461  192  1.14717  17.3222
462  462  191  1.26188  17.437
463  463  190  1.3766  17.5517
464  464  189  1.49132  17.6664
465  465  193  1.60604  17.2075
466  466  194  1.72075  17.0928
467  467  194  1.83547  17.0928
468  468  194  1.95019  17.0928
469  469  194  2.0649  17.0928
470  470  195  2.17962  16.9781
471  471  195  2.29434  16.9781
472  472  194  2.40905  17.0928
473  473  194  2.52377  17.0928
474  474  195  2.63849  16.9781
475  475  194  2.7532  17.0928
476  476  194  2.86792  17.0928
477  477  193  2.98264  17.2075
478  478  197  3.09735  16.7487
479  479  198  3.21207  16.6339
480  480  198  3.32679  16.6339
481  481  198  3.4415  16.6339
482  482  199  3.55622  16.5192
483  483  198  3.67094  16.6339
484  484  198  3.78565  16.6339
485  485  198  3.90037  16.6339
486  486  199  4.01509  16.5192
487  487  203  4.1298  16.0604
488  488  204  4.24452  15.9456
489  489  204  4.35924  15.9456
490  490  205  4.47396  15.8309
491  491  204  4.58867  15.9456
492  492  203  4.70339  16.0604
493  493  202  4.81811  16.1751
494  494  201  4.93282  16.2898
495  495  202  5.04754  16.1751
496  496  201  5.16226  16.2898
497  497  200  5.27697  16.4045
498  498  199  5.39169  16.5192
499  499  197  5.50641  16.7487
500  500  197  5.62112  16.7487
501  501  198  5.73584  16.6339
502  502  197  5.85056  16.7487
503  503  196  5.96527  16.8634
504  504  195  6.07999  16.9781
505  505  195  6.19471  16.9781
506  506  199  6.30942  16.5192
507  507  200  6.42414  16.4045
508  508  199  6.53886  16.5192
509  509  199  6.65357  16.5192
510  510  200  6.76829  16.4045
511  511  201  6.88301  16.2898
512  512  200  6.99772  16.4045
513  513  201  7.11244  16.2898
514  514  201  7.22716  16.2898
515  515  201  7.34188  16.2898
516  516  201  7.45659  16.2898
517  517  202  7.57131  16.1751
518  518  202  7.68603  16.1751
519  519  205  7.80074  15.8309
520  520  208  7.91546  15.4868
521  521  209  8.03018  15.3721
522  522  211  8.14489  15.1426
523  523  213  8.25961  14.9132
524  524  214  8.37433  14.7985
525  525  215  8.48904  14.6838
526  526  235  8.60376  12.3894
527  527  236  8.71848  12.2747
528  528  237  8.83319  12.16
529  529  238  8.94791  12.0453
530  530  237  9.06263  12.16
531  531  235  9.17734  12.3894
532  532  235  9.29206  12.3894
533  533  236  9.40678  12.2747
534  534  237  9.52149  12.16
535  535  239  9.63621  11.9305
536  536  240  9.75093  11.8158
537  537  240  9.86564  11.8158
538  538  239  9.98036  11.9305
539  539  239  10.0951  11.9305
540  540  238  10.2098  12.0453
541  541  236  10.3245  12.2747
542  542  235  10.4392  12.3894
543  543  235  10.5539  12.3894
544  544  235  10.6687  12.3894
545  545  234  10.7834  12.5041
546  546  233  10.8981  12.6188
547  547  232  11.0128  12.7336
548  548  231  11.1275  12.8483
549  549  230  11.2422  12.963
550  550  230  11.357  12.963
551  551  229  11.4717  13.0777
552  552  228  11.5864  13.1924
553  553  227  11.7011  13.3071
554  554  225  11.8158  13.5366
555  555  225  11.9305  13.5366
556  556  225  12.0453  13.5366
557  557  224  12.16  13.6513
558  558  223  12.2747  13.766
559  559  221  12.3894  13.9954
560  560  221  12.5041  13.9954
561  561  220  12.6188  14.1102
562  562  220  12.7336  14.1102
563  563  219  12.8483  14.2249
564  564  218  12.963  14.3396
565  565  216  13.0777  14.569
566  566  216  13.1924  14.569
567  567  216  13.3071  14.569
568  568  215  13.4219  14.6838
569  569  214  13.5366  14.7985
570  570  213  13.6513  14.9132
571  571  211  13.766  15.1426
572  572  211  13.8807  15.1426
573  573  211  13.9954  15.1426
574  574  210  14.1102  15.2573
575  575  209  14.2249  15.3721
576  576  207  14.3396  15.6015
577  577  207  14.4543  15.6015
578  578  206  14.569  15.7162
579  579  206  14.6838  15.7162
580  580  205  14.7985  15.8309
581  581  196  14.9132  16.8634
582  582  196  15.0279  16.8634
583  583  196  15.1426  16.8634
584  584  196  15.2573  16.8634
585  585  196  15.3721  16.8634
586  586  196  15.4868  16.8634
587  587  196  15.6015  16.8634
588  588  196  15.7162  16.8634
589  589  196  15.8309  16.8634
590  590  196  15.9456  16.8634
591  591  196  16.0604  16.8634
592  592  196  16.1751  16.8634
593  593  196  16.2898  16.8634
594  594  196  16.4045  16.8634
595  595  196  16.5192  16.8634
596  596  196  16.6339  16.8634
597  597  196  16.7487  16.8634
598  598  196  16.8634  16.8634
599  599  196  16.9781  16.8634
600  600  196  17.0928  16.8634
601  601  196  17.2075  16.8634
602  602  196  17.3222  16.8634
603  603  196  17.437  16.8634
604  604  196  17.5517  16.8634
605  605  196  17.6664  16.8634
606  606  196  17.7811  16.8634
607  607  196  17.8958  16.8634
608  608  196  18.0105  16.8634
609  609  196  18.1253  16.8634
610  610  196  18.24  16.8634
611  611  196  18.3547  16.8634
612  612  196  18.4694  16.8634
613  613  196  18.5841  16.8634
614  614  196  18.6988  16.8634
615  615  196  18.8136  16.8634
616  616  196  18.9283  16.8634
617  617  196  19.043  16.8634
618  618  196  19.1577  16.8634
619  619  196  19.2724  16.8634
620  620  196  19.3871  16.8634
621  621  196  19.5019  16.8634
622  622  196  19.6166  16.8634
623  623  196  19.7313  16.8634
624  624  196  19.846  16.8634
625  625  196  19.9607  16.8634
626  626  196  20.0754  16.8634
627  627  196  20.1902  16.8634
628  628  196  20.3049  16.8634
629  629  196  20.4196  16.8634
630  630  196  20.5343  16.8634
631  631  196  20.649  16.8634
632  632  196  20.7637  16.8634
633  633  197  20.8785  16.7487
634  634  196  20.9932  16.8634
635  635  197  21.1079  16.7487
636  636  197  21.2226  16.7487
637  637  197  21.3373  16.7487
638  638  197  21.452  16.7487
639  639  197  21.5668  16.7487
640  640  197  21.6815  16.7487
641  641  197  21.7962  16.7487
642  642  197  21.9109  16.7487
643  643  197  22.0256  16.7487
644  644  197  22.1403  16.7487
645  645  197  22.2551  16.7487
646  646  197  22.3698  16.7487
647  647  197  22.4845  16.7487
648  648  197  22.5992  16.7487
649  649  197  22.7139  16.7487
650  650  197  22.8286  16.7487
651  651  197  22.9434  16.7487
652  652  197  23.0581  16.7487
653  653  197  23.1728  16.7487
654  654  197  23.2875  16.7487
655  655  197  23.4022  16.7487
656  656  197  23.5169  16.7487
657  657  197  23.6317  16.7487
658  658  197  23.7464  16.7487
659  659  197  23.8611  16.7487
660  660  197  23.9758  16.7487
661  661  197  24.0905  16.7487
662  662  197  24.2052  16.7487
663  663  197  24.32  16.7487
664  664  197  24.4347  16.7487
665  665  197  24.5494  16.7487
666  666  197  24.6641  16.7487
667  667  197  24.7788  16.7487
668  668  197  24.8935  16.7487
669  669  197  25.0083  16.7487
670  670  197  25.123  16.7487
671  671  197  25.2377  16.7487
672  672  197  25.3524  16.7487
673  673  197  25.4671  16.7487
674  674  197  25.5818  16.7487
675  675  197  25.6966  16.7487
676  676  197  25.8113  16.7487
677  677  197  25.926  16.7487
678  678  197  26.0407  16.7487
679  679  197  26.1554  16.7487
680  680  197  26.2701  16.7487
681  681  197  26.3849  16.7487
682  682  197  26.4996  16.7487
683  683  197  26.6143  16.7487
684  684  197  26.729  16.7487
685  685  197  26.8437  16.7487
686  686  197  26.9584  16.7487
687  687  197  27.0732  16.7487
688  688  197  27.1879  16.7487
689  689  197  27.3026  16.7487
690  690  198  27.4173  16.6339
691  691  198  27.532  16.6339
692  692  198  27.6467  16.6339
693  693  198  27.7615  16.6339
694  694  198  27.8762  16.6339
695  695  198  27.9909  16.6339
696  696  198  28.1056  16.6339
697  697  198  28.2203  16.6339
698  698  198  28.335  16.6339
699  699  198  28.4498  16.6339
700  700  198  28.5645  16.6339
701  701  198  28.6792  16.6339
702  702  198  28.7939  16.6339
703  703  198  28.9086  16.6339
704  704  198  29.0233  16.6339
705  705  198  29.1381  16.6339
706  706  198  29.2528  16.6339
707  707  198  29.3675  16.6339
708  708  198  29.4822  16.6339
709  709  198  29.5969  16.6339
710  710  198  29.7117  16.6339
711  711  198  29.8264  16.6339
712  712  198  29.9411  16.6339
713  713  198  30.0558  16.6339
714  714  198  30.1705  16.6339
715  715  198  30.2852  16.6339
716  716  198  30.4  16.6339
717  717  198  30.5147  16.6339
718  718  198  30.6294  16.6339
719  719  198  30.7441  16.6339
720  720  198  30.8588  16.6339
721  721  198  30.9735  16.6339
722  722  198  31.0883  16.6339
723  723  198  31.203  16.6339
724  724  198  31.3177  16.6339
725  725  198  31.4324  16.6339
726  726  198  31.5471  16.6339
727  727  198  31.6618  16.6339
728  728  198  31.7766  16.6339
729  729  198  31.8913  16.6339
730  730  198  32.006  16.6339
731  731  198  32.1207  16.6339
732  732  198  32.2354  16.6339
733  733  198  32.3501  16.6339
734  734  198  32.4649  16.6339
735  735  198  32.5796  16.6339
736  736  198  32.6943  16.6339
737  737  198  32.809  16.6339
738  738  198  32.9237  16.6339
739  739  199  33.0384  16.5192
740  740  199  33.1532  16.5192
741  741  199  33.2679  16.5192
742  742  199  33.3826  16.5192
743  743  199  33.4973  16.5192
744  744  199  33.612  16.5192
745  745  199  33.7267  16.5192
746  746  199  33.8415  16.5192
747  747  199  33.9562  16.5192
748  748  199  34.0709  16.5192
749  749  199  34.1856  16.5192
750  750  199  34.3003  16.5192
751  751  199  34.415  16.5192
752  752  199  34.5298  16.5192
753  753  199  34.6445  16.5192
754  754  199  34.7592  16.5192
755  755  199  34.8739  16.5192
756  756  199  34.9886  16.5192
757  757  199  35.1033  16.5192
758  758  199  35.2181  16.5192
759  759  199  35.3328  16.5192
760  760  199  35.4475  16.5192
761  761  199  35.5622  16.5192
762  762  199  35.6769  16.5192
763  763  199  35.7916  16.5192
764  764  199  35.9064  16.5192
765  765  199  36.0211  16.5192
766  766  199  36.1358  16.5192
767  767  199  36.2505  16.5192
768  768  199  36.3652  16.5192
769  769  199  36.4799  16.5192
770  770  199  36.5947  16.5192
771  771  199  36.7094  16.5192
772  772  199  36.8241  16.5192
773  773  199  36.9388  16.5192
774  774  199  37.0535  16.5192
775  775  199  37.1682  16.5192
776  776  198  37.283  16.6339
777  777  195  37.3977  16.9781
778  778  195  37.5124  16.9781
779  779  194  37.6271  17.0928
780  780  194  37.7418  17.0928
781  781  194  37.8565  17.0928
782  782  193  37.9713  17.2075
783  783  193  38.086  17.2075
784  784  193  38.2007  17.2075
785  785  193  38.3154  17.2075
786  786  193  38.4301  17.2075
787  787  193  38.5448  17.2075
788  788  193  38.6596  17.2075
789  789  193  38.7743  17.2075
790  790  193  38.889  17.2075
791  791  193  39.0037  17.2075
792  792  193  39.1184  17.2075
793  793  193  39.2331  17.2075
794  794  199  39.3479  16.5192
795  795  200  39.4626  16.4045
796  796  200  39.5773  16.4045
797  797  200  39.692  16.4045
798  798  200  39.8067  16.4045
799  799  200  39.9214  16.4045
800  800  200  40.0362  16.4045
801  801  200  40.1509  16.4045
802  802  200  40.2656  16.4045
803  803  200  40.3803  16.4045
804  804  200  40.495  16.4045
805  805  200  40.6097  16.4045
806  806  200  40.7245  16.4045
807  807  200  40.8392  16.4045
808  808  200  40.9539  16.4045
809  809  200  41.0686  16.4045
810  810  200  41.1833  16.4045
811  811  200  41.298  16.4045
812  812  200  41.4128  16.4045
813  813  200  41.5275  16.4045
814  814  200  41.6422  16.4045
815  815  200  41.7569  16.4045
816  816  200  41.8716  16.4045
817  817  200  41.9863  16.4045
818  818  200  42.1011  16.4045
819  819  200  42.2158  16.4045
820  820  200  42.3305  16.4045
821  821  200  42.4452  16.4045
822  822  200  42.5599  16.4045
823  823  200  42.6746  16.4045
824  824  200  42.7894  16.4045
825  825  200  42.9041  16.4045
826  826  200  43.0188  16.4045
827  827  200  43.1335  16.4045
828  828  200  43.2482  16.4045
829  829  200  43.3629  16.4045
830  830  200  43.4777  16.4045
831  831  200  43.5924  16.4045
832  832  200  43.7071  16.4045
833  833  200  43.8218  16.4045
834  834  200  43.9365  16.4045
835  835  200  44.0513  16.4045
836  836  200  44.166  16.4045
837  837  200  44.2807  16.4045
838  838  200  44.3954  16.4045
839  839  200  44.5101  16.4045
840  840  200  44.6248  16.4045
841  841  200  44.7396  16.4045
842  842  200  44.8543  16.4045
843  843  200  44.969  16.4045
844  844  200  45.0837  16.4045
845  845  201  45.1984  16.2898
846  846  201  45.3131  16.2898
847  847  201  45.4279  16.2898
848  848  201  45.5426  16.2898
849  849  201  45.6573  16.2898
850  850  201  45.772  16.2898
851  851  201  45.8867  16.2898
852  852  201  46.0014  16.2898
853  853  201  46.1162  16.2898
854  854  201  46.2309  16.2898
855  855  201  46.3456  16.2898
856  856  201  46.4603  16.2898
857  857  201  46.575  16.2898
858  858  200  46.6897  16.4045
859  859  200  46.8045  16.4045
860  860  201  46.9192  16.2898
861  861  201  47.0339  16.2898
862  862  201  47.1486  16.2898
863  863  201  47.2633  16.2898
864  864  201  47.378  16.2898
865  865  201  47.4928  16.2898
866  866  201  47.6075  16.2898
867  867  201  47.7222  16.2898
868  868  201  47.8369  16.2898
869  869  201  47.9516  16.2898
870  870  201  48.0663  16.2898
871  871  201  48.1811  16.2898
872  872  201  48.2958  16.2898
873  873  201  48.4105  16.2898
874  874  201  48.5252  16.2898
875  875  201  48.6399  16.2898
876  876  201  48.7546  16.2898
877  877  201  48.8694  16.2898
878  878  201  48.9841  16.2898
879  879  201  49.0988  16.2898
880  880  201  49.2135  16.2898
881  881  201  49.3282  16.2898
882  882  201  49.4429  16.2898
883  883  201  49.5577  16.2898
884  884  201  49.6724  16.2898
885  885  201  49.7871  16.2898
886  886  201  49.9018  16.2898
887  887  201  50.0165  16.2898
888  888  201  50.1312  16.2898
889  889  201  50.246  16.2898
890  890  201  50.3607  16.2898
891  891  201  50.4754  16.2898
892  892  201  50.5901  16.2898
893  893  201  50.7048  16.2898
894  894  201  50.8195  16.2898
895  895  201  50.9343  16.2898
896  896  201  51.049  16.2898
897  897  201  51.1637  16.2898
898  898  201  51.2784  16.2898
899  899  201  51.3931  16.2898
900  900  201  51.5078  16.2898
901  0  0  -51.7373  39.3479
